100
 0.1251 56.3585
19.3304 80.8741
58.5009 47.9873
35.0291 89.5962
82.2840 74.6605
17.4108 85.8943
71.0501 51.3535
30.3995  1.4985
 9.1403 36.4452
14.7313 16.5899
98.8525 44.5692
11.9083  0.4669
 0.8911 37.7880
53.1663 57.1184
60.1764 60.7166
16.6234 66.3045
45.0789 35.2123
 5.7039 60.7685
78.3319 80.2606
51.9883 30.1950
87.5973 72.6676
95.5901 92.5718
53.9354 14.2338
46.2081 23.5328
86.2239 20.9601
77.9656 84.3654
99.6796 99.9695
61.1499 39.2438
26.6213 29.7281
84.0144  2.3743
37.5866  9.2624
67.7206  5.6215
 0.8789 91.8790
27.5887 27.2897
58.7909 69.1183
83.7611 72.6493
48.4939 20.5359
74.3736 46.8459
45.7961 94.9156
74.4438 10.8280
59.9048 38.5235
73.5008 60.8966
57.2405 36.1339
15.1555 22.5105
42.5153 80.2881
51.7106 98.9990
75.1549 34.5561
16.8981 65.7308
49.1897  6.3540
69.9759 50.4807
14.7496 94.9583
14.1575 90.5118
69.2892 30.3049
42.6557  7.0376
96.6613 68.3187
15.3233 87.7255
82.1680 58.2049
19.1351 17.7892
81.7194 47.5265
15.5553 50.3922
73.2017 40.5591
27.9580 56.8743
68.2241 75.5852
72.1915 47.5295
12.3020 36.7809
83.4681  3.5096
51.7014 66.2984
42.6222 10.4678
94.9339 92.1384
54.9547 34.5988
47.1725 37.4981
84.6980 31.6874
45.6099 27.1889
98.2971 29.7800
73.9189 56.7278
19.5990 76.1315
83.9442 39.7656
50.0900 89.0164
 2.7467 99.4629
57.2588  5.0508
53.1327 19.4067
84.3043 62.6759
65.7613 19.7851
84.2158 12.3325
10.9928 74.3126
31.4066 94.1069
28.6081 33.6314
14.0263 73.3085
83.4620 70.7999
60.0238 74.7215
25.2724 14.4475
 0.1617  6.1007
80.6238 85.2626
21.0578 11.5604
55.3209  1.4252
11.3773 45.4512
75.2220 68.6148
54.3443  7.3885
43.6720 20.1941
69.6219 29.0353

